1111111123 13(11’1).10.13.17.23 112. iuvi 11134.

21. 23. 30. 32 1113. 9. 17. 19. 22. 27 labor.- 1111111117 11.

(111). 31. 32 17 l. 4. 5. 6. 701118. 12. 111111 111 29.

17. 21. 22. 24 (quater). 25. 40. 41. 43. 45 Larum 177 7133.

(bie). 49. 51. 52. 53 73. 5. 7. 19 (111). 11111111111[1Η745.

21 (111). 23. 31. 35. 42 (111). 71 4. 13. laurea: 1111111171 16.

15. 23. 26 (111). 1[1]11136 7116. [1]1 [1111]11 (necue.p1er.)l 23.

IV 41. legationum Vl 7.

111111111714 7141. 1 legatus 7 45- legntee 7 17. 1111111]
incisarum Inecr. 2. 7 52.

[11111111] ll 21. legitimie 1 10.

[111111111171516. layo: legi ll 2.

1111011075οι 111111111123. Lentuli 11140. [lentulis]
im: inirent 1112. 137.

1111111111 (acm.) l ll. 1111111714. 111[1111ΗΙΙ35.

iniuriam 713. lex: legibue ll 12.

inmisso 17 12. lib[eri]l 28.

11[11]1111[11)1111] V143. Libertatis 17 6. libertatem 11.
1111111111. impensa. 1111111115. [11111111] Il 23. 11111743.
[111111111111111171 26. . 11111 17 10.

[ineMriptionkm 7121. inscriptione 1710. longitudinem 17 44.

11111 1713. 47. Lucius.- Lucium 1146. 1.. 111 11129.
interfecto V 2415. [1111111111 7 30. 30. 36.

intersum.- interessent 111 3. [111]1[1]111 1132.

ipse IV 52. 1111111738. 1111111135.

11.· 11 (1111111.) 11123. 111 lll 18. 26 1111111117 2.

71626. 31 7121. 25. [1]11 1738. lustrum 113. 5. 8. 1111111111.

1111 17 3. 12. 15 7 25. 30. 1[111] 730. [macedonia V 35.

[11117120. 11171. 111177. [1]111 111111713.

1112 111125 1113 71. 1111111119.) 1111111111] 17 36.

17 53 712. 11 (1111111111.) lIl 21 magistratum 111 2. 111111111111117123.

742. 1111111111. [1111111115. ee· m[egietret]n[um] IV 3516. [1111111111

rum VI 9. iis 1 18. [11]77. 111 lll 1140.

35. [e0]e110. 111 733. [1]11 120. 1111111 17 8. 11111117 22 V33. 111·
11111134. , 11111724. 1111111111 23. maximum
italie 74. 36. 1111111 17 27. ltaliam 71 4. 17 4.

111111 (111.) 11 26 11127. 1111111111 12 725.
item Ill 28. 1111111725. 11[1111]115.

1111111111 9. [iteruin ll 5. 1111111111 111317 17 24. 11111111111719.
iudiciis l 10. [1111116111 17 2112.

Iuli 17 2. 24 7132. 1111111712, ln· Marcelli 7135. 1111111111] 17 23· [1⁸1-
= 11117135. 111117118. 11]1[11]132.

1111111 17 6. s 11111111711.

Iuppiter: 11111 17 5 (111). 6. 1111111111111111713.

iuro: 1111111 V 3. iuraverunt V 415. Marcus.- 11. 112 1112323. 35 17 23. 37.
11111111 V18. mereVl.32. 1111171316. 11113113.
institiae] Vl 20. 111[11]1 25.

inv[enes] 11 46. 1111111111 7 23.

1111111111178. luv[entetis] Vl 33. 1111111 17 21. 25 742. 1111111]7131.

iuentutis' 111 1. Ι 1111111111.

 

